PDE 2026  7 16  0  0  0.00  56.59680127   45.00000000 50.0 5.0 5.0 canonical_two_chunk_teaching
event name:     canonical_two_chunk_teaching
time shift:      0.0000
half duration:   1.0000
latitude:       56.59680127
longitude:       45.00000000
depth:           50.0000
Mrr:       1.000000e+26
Mtt:       1.000000e+26
Mpp:       1.000000e+26
Mrt:       0.000000e+00
Mrp:       0.000000e+00
Mtp:       0.000000e+00
