PDE 2026  7 17  0  0  0.00   0.00000000    0.00000000 50.0 5.0 5.0 synthetic_phase_aware_example
event name:     synthetic_phase_aware_example
time shift:      0.0000
half duration:   1.0000
latitude:        0.00000000
longitude:       0.00000000
depth:           50.0000
Mrr:       1.000000e+26
Mtt:       1.000000e+26
Mpp:       1.000000e+26
Mrt:       0.000000e+00
Mrp:       0.000000e+00
Mtp:       0.000000e+00
